img__size [1024, 2048]
[{'num_chs': 40, 'reduction': 8}, {'num_chs': 112, 'reduction': 16}, {'num_chs': 320, 'reduction': 32}]
tensor([    0,  1826,   758,   771,   227,     4,    13,  9067,  3970,     0,
            0, 11924,    61,   333,     0,     0,     0,   544,     0,    18,
          137,   671,     2,   606,   121,     0,  1576,   102,    17,     0,
            0,    19,     0,     1], device='cuda:0')
tensor([    0,  1856,   987,   773,   251,     2,     4,  9716,  2642,     4,
           18, 12661,    12,    56,    47,     6,    22,   371,     5,    12,
          192,   657,    14,   574,   102,     3,  1781,     0,     0,     0,
            0,     0,     0,     0], device='cuda:0')
This is cm tensor([[   0,    0,    0,  ...,    0,    0,    0],
        [   0, 1654,    0,  ...,    0,    0,    0],
        [   0,  169,  758,  ...,    0,    0,    0],
        ...,
        [   0,    0,    0,  ...,    0,    0,    0],
        [   0,    0,    0,  ...,    0,    0,    0],
        [   0,    0,    0,  ...,    0,    0,    0]], device='cuda:0')
 Here is mIOU!!!!!!!!!!!!!!!!!!!!!!!!!!!!!!! tensor(0.3016, device='cuda:0')
tensor([    0,  1958,   674,   771,    48,     0,    11, 11486,   749,     0,
            0,  8961,    21,     0,     0,     0,     0,    22,     0,     1,
           66,  2633,    39,   460,    58,    23,  4759,     0,     0,     0,
            0,     0,     7,    21], device='cuda:0')
tensor([    0,  1856,   987,   773,    33,     0,     3, 11270,   623,    74,
            0,  8288,    24,   216,    55,    10,    64,   207,     2,    22,
           67,  2731,    12,   477,     7,    74,  4873,     1,     0,     1,
            0,     0,     0,    18], device='cuda:0')
This is cm tensor([[   0,    0,    0,  ...,    0,    0,    0],
        [   0, 1739,    0,  ...,    0,    0,    0],
        [   0,  219,  673,  ...,    0,    0,    0],
        ...,
        [   0,    0,    0,  ...,    0,    0,    0],
        [   0,    0,    0,  ...,    0,    0,    0],
        [   0,    0,    0,  ...,    0,    0,   15]], device='cuda:0')
 Here is mIOU!!!!!!!!!!!!!!!!!!!!!!!!!!!!!!! tensor(0.3657, device='cuda:0')
tensor([    0,  1914,   655,   770,    59,     9,    54, 11329,   632,    38,
            0, 12140,    92,     1,     0,     0,     0,   117,     0,    12,
          157,   148,    41,     0,   434,   249,  3838,     0,     0,     0,
            0,     0,     1,    78], device='cuda:0')
tensor([    0,  1856,   987,   773,    54,     0,     3, 10968,   759,     4,
            2, 11873,     7,     9,     8,    11,    28,   173,    11,    18,
          156,   360,    11,     5,   293,   318,  3997,     1,     0,     1,
            0,     0,     0,    82], device='cuda:0')
This is cm tensor([[   0,    0,    0,  ...,    0,    0,    0],
        [   0, 1718,    3,  ...,    0,    0,    0],
        [   0,  194,  652,  ...,    0,    0,    0],
        ...,
        [   0,    0,    0,  ...,    0,    0,    0],
        [   0,    0,    0,  ...,    0,    0,    0],
        [   0,    0,    0,  ...,    0,    0,   49]], device='cuda:0')
 Here is mIOU!!!!!!!!!!!!!!!!!!!!!!!!!!!!!!! tensor(0.3012, device='cuda:0')
tensor([    0,  1646,   741,   770,   221,     5,     7, 12846,   324,     0,
            0,  1089,    76,    82,     0,     0,     0,   103,     0,    44,
           76,  8727,    30,  1117,   163,     3,  4655,     0,     0,     0,
            0,     0,    10,    33], device='cuda:0')
tensor([    0,  1856,   987,   773,   253,   131,     6, 12420,   338,     1,
            1,   991,    29,   235,    46,     3,    36,   211,    13,   202,
          114,  8311,    34,  1119,   194,    14,  4443,     2,     0,     0,
            0,     0,     0,     5], device='cuda:0')
This is cm tensor([[   0,    0,    0,  ...,    0,    0,    0],
        [   0, 1450,    0,  ...,    0,    0,    0],
        [   0,  195,  738,  ...,    0,    0,    0],
        ...,
        [   0,    0,    0,  ...,    0,    0,    0],
        [   0,    0,    0,  ...,    0,    0,    0],
        [   0,    0,    0,  ...,    0,    0,    3]], device='cuda:0')
 Here is mIOU!!!!!!!!!!!!!!!!!!!!!!!!!!!!!!! tensor(0.3233, device='cuda:0')
tensor([    0,  1722,   701,   770,   478,   179,     3, 12755,   680,    11,
            0,  7421,   126,   259,     0,     0,     2,    44,     0,     0,
           62,  1854,     0,  1575,    14,    39,   894,  2513,   103,   493,
            3,     6,     4,    57], device='cuda:0')
tensor([    0,  1856,   987,   773,   447,  2445,    11, 12422,   772,     2,
            4,  6261,     6,    27,    64,    10,    25,   200,     9,    15,
          118,  1710,     7,  1563,    30,    54,  2886,    25,     0,     9,
            1,     1,     0,    28], device='cuda:0')
This is cm tensor([[   0,    0,    0,  ...,    0,    0,    0],
        [   0, 1534,    0,  ...,    0,    0,    0],
        [   0,  188,  701,  ...,    0,    0,    0],
        ...,
        [   0,    0,    0,  ...,    0,    0,    1],
        [   0,    0,    0,  ...,    0,    0,    0],
        [   0,    0,    0,  ...,    0,    0,   27]], device='cuda:0')
 Here is mIOU!!!!!!!!!!!!!!!!!!!!!!!!!!!!!!! tensor(0.2581, device='cuda:0')
tensor([    0,  1795,   732,   770,   156,   103,   172, 12589,  1423,     0,
            0, 10452,    29,    25,     0,     0,     0,    60,     0,    50,
           23,    41,     0,  1536,   364,     0,  1133,   424,   385,   170,
           49,   287,     0,     0], device='cuda:0')
tensor([    0,  1856,   987,   773,   438,   114,    10, 12833,  1079,    13,
           17,  9473,     8,    16,    86,    14,    20,   315,    12,    99,
           48,    55,    10,  1513,   276,     0,  2703,     0,     0,     0,
            0,     0,     0,     0], device='cuda:0')
This is cm tensor([[   0,    0,    0,  ...,    0,    0,    0],
        [   0, 1632,    0,  ...,    0,    0,    0],
        [   0,  163,  729,  ...,    0,    0,    0],
        ...,
        [   0,    0,    0,  ...,    0,    0,    0],
        [   0,    0,    0,  ...,    0,    0,    0],
        [   0,    0,    0,  ...,    0,    0,    0]], device='cuda:0')
 Here is mIOU!!!!!!!!!!!!!!!!!!!!!!!!!!!!!!! tensor(0.2719, device='cuda:0')
tensor([    1,  1979,   643,   775,   222,     2,    25, 12626,  1318,    14,
            0,  3531,   485,   306,     0,     0,     0,   548,     0,    16,
          127,  6092,     4,  1513,     4,     0,  2238,     0,     0,     0,
            0,     0,    30,   269], device='cuda:0')
tensor([    0,  1856,   987,   773,   233,     0,     3, 12676,  1125,     0,
            3,  3891,    27,   232,    26,    10,    10,   874,     3,   118,
          111,  5683,    32,  1485,    16,     7,  2210,    23,     2,     3,
            0,     1,   296,    52], device='cuda:0')
This is cm tensor([[   0,    0,    0,  ...,    0,    0,    0],
        [   0, 1741,    0,  ...,    0,    0,    0],
        [   1,  238,  643,  ...,    0,    0,    0],
        ...,
        [   0,    0,    0,  ...,    0,    0,    0],
        [   0,    0,    0,  ...,    0,   30,  201],
        [   0,    0,    0,  ...,    0,    0,   42]], device='cuda:0')
 Here is mIOU!!!!!!!!!!!!!!!!!!!!!!!!!!!!!!! tensor(0.2987, device='cuda:0')
tensor([    0,  2026,   721,   772,   452,     1,    64, 12061,  1286,     0,
            0,  4026,   292,   149,     0,     0,     0,   476,     0,   242,
          123,  5183,     2,  1621,    20,     0,  2881,    29,   188,     5,
            0,    29,     0,   119], device='cuda:0')
tensor([    0,  1856,   987,   773,   867,     1,     6, 12628,   793,     2,
            3,  3451,    26,    35,    26,     5,     8,   915,     9,   193,
           86,  4925,    41,  1628,    22,     4,  3048,   264,     0,     0,
            0,     0,     0,   166], device='cuda:0')
This is cm tensor([[   0,    0,    0,  ...,    0,    0,    0],
        [   0, 1816,    0,  ...,    0,    0,    0],
        [   0,  209,  721,  ...,    0,    0,    0],
        ...,
        [   0,    0,    0,  ...,    0,    0,    0],
        [   0,    0,    0,  ...,    0,    0,    0],
        [   0,    0,    0,  ...,    0,    0,   87]], device='cuda:0')
 Here is mIOU!!!!!!!!!!!!!!!!!!!!!!!!!!!!!!! tensor(0.2949, device='cuda:0')
tensor([    0,  2049,   717,   772,   526,     3,     3, 11165,  1420,     6,
            0,  3585,   295,   227,     0,     0,     0,   262,     0,    66,
           84,  5363,     2,  1755,    20,     0,  3954,     6,   168,     0,
            0,   168,     0,   152], device='cuda:0')
tensor([    0,  1856,   987,   773,   899,     0,     4, 11671,   916,     3,
            1,  3199,    18,    43,    24,     9,     6,   440,     5,   222,
          128,  5144,    36,  1724,     8,     5,  4046,     4,     0,     2,
            0,   346,     0,   249], device='cuda:0')
This is cm tensor([[   0,    0,    0,  ...,    0,    0,    0],
        [   0, 1837,    0,  ...,    0,    0,    0],
        [   0,  209,  717,  ...,    0,    0,    0],
        ...,
        [   0,    0,    0,  ...,  166,    0,    0],
        [   0,    0,    0,  ...,    0,    0,    0],
        [   0,    0,    0,  ...,    0,    0,  114]], device='cuda:0')
 Here is mIOU!!!!!!!!!!!!!!!!!!!!!!!!!!!!!!! tensor(0.3365, device='cuda:0')
tensor([    0,  1931,   758,   772,  1250,     0,   235, 12040,  2430,     0,
            0,  1770,  1001,   258,     0,     0,     0,   938,     0,   176,
          264,  6700,    70,   493,    73,     3,   580,     1,   170,     0,
            0,   855,     0,     0], device='cuda:0')
tensor([    0,  1856,   987,   773,   402,    10,     9, 12151,  2318,     2,
           25,  4513,    23,    23,     2,     4,     5,   388,    16,   193,
          291,  6451,    63,   483,    44,    22,   527,     0,  1187,     0,
            0,     0,     0,     0], device='cuda:0')
This is cm tensor([[   0,    0,    0,  ...,    0,    0,    0],
        [   0, 1773,    4,  ...,    0,    0,    0],
        [   0,  158,  754,  ...,    0,    0,    0],
        ...,
        [   0,    0,    0,  ...,    0,    0,    0],
        [   0,    0,    0,  ...,    0,    0,    0],
        [   0,    0,    0,  ...,    0,    0,    0]], device='cuda:0')
 Here is mIOU!!!!!!!!!!!!!!!!!!!!!!!!!!!!!!! tensor(0.2970, device='cuda:0')
tensor([    2,  1994,   601,   773,   102,     0,    17, 12016,  1332,     3,
            0,  1941,   223,   485,     1,     0,     0,   728,     0,     7,
           24,  8918,  1655,  1477,     6,     0,   410,     0,    31,     0,
            0,    22,     0,     0], device='cuda:0')
tensor([    0,  1856,   987,   773,   130,     0,  1749, 12426,   404,   210,
            0,  1820,    43,   320,    52,     7,    19,   861,    10,    83,
           18,  8910,    99,  1399,     9,     4,   579,     0,     0,     0,
            0,     0,     0,     0], device='cuda:0')
This is cm tensor([[   0,    0,    0,  ...,    0,    0,    0],
        [   0, 1811,    0,  ...,    0,    0,    0],
        [   2,  183,  601,  ...,    0,    0,    0],
        ...,
        [   0,    0,    0,  ...,    0,    0,    0],
        [   0,    0,    0,  ...,    0,    0,    0],
        [   0,    0,    0,  ...,    0,    0,    0]], device='cuda:0')
 Here is mIOU!!!!!!!!!!!!!!!!!!!!!!!!!!!!!!! tensor(0.2942, device='cuda:0')
tensor([    0,  1974,   685,   772,  1048,     0,   146, 10147,  1225,   373,
            0,  3475,   112,   805,     0,     0,     0,   749,     0,     6,
           35,  4436,  2352,  2199,    13,     0,  1944,     0,     6,     0,
            0,   185,     0,    81], device='cuda:0')
tensor([   0, 1856,  987,  772, 1262,   15,   10, 9976,  674,  919,   63, 2380,
          18,  628,   46,   25,   38, 1278,   47,   89,  110, 4274, 2567, 2386,
          64,    2, 1888,    0,    3,    0,    0,  391,    0,    0],
       device='cuda:0')
This is cm tensor([[   0,    0,    0,  ...,    0,    0,    0],
        [   0, 1820,    0,  ...,    0,    0,    0],
        [   0,  153,  685,  ...,    0,    0,    0],
        ...,
        [   0,    0,    0,  ...,  183,    0,    0],
        [   0,    0,    0,  ...,    0,    0,    0],
        [   0,    0,    0,  ...,    0,    0,    0]], device='cuda:0')
 Here is mIOU!!!!!!!!!!!!!!!!!!!!!!!!!!!!!!! tensor(0.3221, device='cuda:0')
tensor([    0,  1995,   752,   773,   233,    18,   126, 12412,  2358,     0,
            0,   715,    50,   355,     0,     0,     0,   598,     0,    13,
           62, 10061,    92,   403,    85,    13,   813,   106,   453,     8,
            0,   194,    71,     9], device='cuda:0')
tensor([    0,  1856,   987,   773,   253,     0,    36, 12567,  2026,     0,
            4,   302,    28,    19,    19,    16,     6,   883,    16,   165,
          119,  9978,   328,   479,    87,    39,   793,   453,   461,     1,
            2,     0,    72,     0], device='cuda:0')
This is cm tensor([[   0,    0,    0,  ...,    0,    0,    0],
        [   0, 1834,    0,  ...,    0,    0,    0],
        [   0,  161,  752,  ...,    0,    0,    0],
        ...,
        [   0,    0,    0,  ...,    0,    0,    0],
        [   0,    0,    0,  ...,    0,   63,    1],
        [   0,    0,    0,  ...,    0,    0,    0]], device='cuda:0')
 Here is mIOU!!!!!!!!!!!!!!!!!!!!!!!!!!!!!!! tensor(0.3389, device='cuda:0')
tensor([    0,  1833,   749,   771,   128,     0,     9, 12290,   653,     0,
            0,  4863,   395,   233,    45,     0,     0,   330,     0,     0,
           20,  7012,  2027,   455,     0,     0,   777,    76,    95,     0,
            0,     7,     0,     0], device='cuda:0')
tensor([    0,  1856,   987,   773,   159,     0,     3, 12184,   334,     2,
          373,  4641,     7,    10,    59,    21,    38,   546,     7,    54,
           20,  6842,  2246,   412,    20,     2,   701,    97,     1,     1,
            0,   372,     0,     0], device='cuda:0')
This is cm tensor([[   0,    0,    0,  ...,    0,    0,    0],
        [   0, 1700,    0,  ...,    0,    0,    0],
        [   0,  132,  748,  ...,    0,    0,    0],
        ...,
        [   0,    0,    0,  ...,    6,    0,    0],
        [   0,    0,    0,  ...,    0,    0,    0],
        [   0,    0,    0,  ...,    0,    0,    0]], device='cuda:0')
 Here is mIOU!!!!!!!!!!!!!!!!!!!!!!!!!!!!!!! tensor(0.3022, device='cuda:0')
tensor([    0,  1643,   740,   770,   272,     0,     4, 10450,   996,     0,
            0,  3954,    20,   278,     0,     0,     0,   354,     0,     0,
            2,  8207,  2648,  1016,     0,     1,   110,    36,  1267,     0,
            0,     0,     0,     0], device='cuda:0')
tensor([    0,  1856,   987,   772,    59,     0,     4, 10011,   439,     4,
            2,  3866,     7,    16,    52,    14,    12,   690,    37,    29,
           48,  8110,  3391,   912,     6,    15,   101,     0,  1328,     0,
            0,     0,     0,     0], device='cuda:0')
This is cm tensor([[   0,    0,    0,  ...,    0,    0,    0],
        [   0, 1480,    0,  ...,    0,    0,    0],
        [   0,  163,  740,  ...,    0,    0,    0],
        ...,
        [   0,    0,    0,  ...,    0,    0,    0],
        [   0,    0,    0,  ...,    0,    0,    0],
        [   0,    0,    0,  ...,    0,    0,    0]], device='cuda:0')
 Here is mIOU!!!!!!!!!!!!!!!!!!!!!!!!!!!!!!! tensor(0.3434, device='cuda:0')
tensor([    0,  1965,   725,   774,   163,    21,    44, 13426,   979,     0,
            0,  3482,    61,    26,     0,     0,     0,   571,     0,   131,
          162,  7059,   921,  1360,   179,     4,   663,     0,     4,     0,
            0,     0,     0,    48], device='cuda:0')
tensor([    0,  1856,   987,   773,   273,     0,     5, 13790,   392,     2,
            5,  2674,    54,    24,    86,    30,    54,   853,    15,   271,
           93,  6933,  1095,  1300,   177,     8,   883,     4,     1,     1,
            2,     0,     0,   127], device='cuda:0')
This is cm tensor([[   0,    0,    0,  ...,    0,    0,    0],
        [   0, 1833,    0,  ...,    0,    0,    0],
        [   0,  132,  725,  ...,    0,    0,    0],
        ...,
        [   0,    0,    0,  ...,    0,    0,    0],
        [   0,    0,    0,  ...,    0,    0,    0],
        [   0,    0,    0,  ...,    0,    0,   15]], device='cuda:0')
 Here is mIOU!!!!!!!!!!!!!!!!!!!!!!!!!!!!!!! tensor(0.3044, device='cuda:0')
tensor([    0,  1813,   747,   770,   160,    20,   137, 13160,  1033,     0,
            0,  4497,   151,   384,     0,     0,     0,   497,     0,   137,
          160,  6500,     0,  1511,   107,   196,   231,     0,     0,     0,
            0,     0,    84,   473], device='cuda:0')
tensor([    0,  1856,   987,   773,   746,    29,    10, 13230,  1013,     3,
            6,  3632,   143,    45,    93,    21,    55,   670,     9,   160,
           80,  6577,    98,  1480,    72,   206,   290,     2,     1,     4,
            0,     2,     0,   475], device='cuda:0')
This is cm tensor([[   0,    0,    0,  ...,    0,    0,    0],
        [   0, 1677,    0,  ...,    0,    0,    0],
        [   0,  136,  747,  ...,    0,    0,    0],
        ...,
        [   0,    0,    0,  ...,    0,    1,    0],
        [   0,    0,    0,  ...,    0,    0,    0],
        [   0,    0,    0,  ...,    0,   23,  417]], device='cuda:0')
 Here is mIOU!!!!!!!!!!!!!!!!!!!!!!!!!!!!!!! tensor(0.3054, device='cuda:0')
tensor([    0,  1977,   777,   772,   150,     1,    11, 13392,  1822,     0,
            0,  5508,   170,   554,     0,     0,     0,   528,     0,    27,
          363,  5254,    14,   997,    76,     0,   365,     9,     0,     0,
            0,     0,     0,     1], device='cuda:0')
tensor([    0,  1856,   987,   773,   905,     2,    12, 14209,   988,     2,
            7,  4590,   299,    60,    48,     9,    41,   761,    13,    78,
          423,  5264,    83,   994,    88,     1,   275,     0,     0,     0,
            0,     0,     0,     0], device='cuda:0')
This is cm tensor([[   0,    0,    0,  ...,    0,    0,    0],
        [   0, 1837,    0,  ...,    0,    0,    0],
        [   0,  140,  775,  ...,    0,    0,    0],
        ...,
        [   0,    0,    0,  ...,    0,    0,    0],
        [   0,    0,    0,  ...,    0,    0,    0],
        [   0,    0,    0,  ...,    0,    0,    0]], device='cuda:0')
 Here is mIOU!!!!!!!!!!!!!!!!!!!!!!!!!!!!!!! tensor(0.3331, device='cuda:0')
tensor([    0,  1973,   789,   774,   633,     4,   112, 12023,  2458,     0,
            0,  2426,   153,   629,     0,     0,     0,   746,     0,   249,
           62,  3793,    28,  5220,   281,     0,   415,     0,     0,     0,
            0,     0,     0,     0], device='cuda:0')
tensor([    0,  1856,   987,   773,   205,     0,   837, 12952,   910,     8,
            6,  2860,   147,   636,    80,    17,    14,  1055,    11,   290,
          323,  2148,    26,  5868,   254,     8,   424,     7,     0,     0,
            0,     0,    63,     3], device='cuda:0')
This is cm tensor([[   0,    0,    0,  ...,    0,    0,    0],
        [   0, 1846,    0,  ...,    0,    0,    0],
        [   0,  125,  782,  ...,    0,    0,    0],
        ...,
        [   0,    0,    0,  ...,    0,    0,    0],
        [   0,    0,    0,  ...,    0,    0,    0],
        [   0,    0,    0,  ...,    0,    0,    0]], device='cuda:0')
 Here is mIOU!!!!!!!!!!!!!!!!!!!!!!!!!!!!!!! tensor(0.3099, device='cuda:0')
tensor([    0,  1967,   829,   772,   587,     5,   645, 10053,  4322,     0,
            0,  4499,   151,   765,     1,     0,     0,   209,     0,     4,
            7,  1670,   106,  6118,    50,     0,     5,     0,     0,     0,
            0,     0,     0,     3], device='cuda:0')
tensor([    0,  1856,   987,   773,   127,     2,  1026, 10101,  3927,    10,
            2,  2930,     4,  1380,    55,     8,    18,   661,     5,    45,
           41,  1176,    12,  7462,    50,    57,     0,     2,     4,     1,
            0,     0,     0,    46], device='cuda:0')
This is cm tensor([[   0,    0,    0,  ...,    0,    0,    0],
        [   0, 1840,    0,  ...,    0,    0,    0],
        [   0,  126,  821,  ...,    0,    0,    0],
        ...,
        [   0,    0,    0,  ...,    0,    0,    0],
        [   0,    0,    0,  ...,    0,    0,    0],
        [   0,    0,    0,  ...,    0,    0,    2]], device='cuda:0')
 Here is mIOU!!!!!!!!!!!!!!!!!!!!!!!!!!!!!!! tensor(0.2611, device='cuda:0')
tensor([    0,  1992,   760,   773,   264,    24,   173, 10119,  3271,     0,
            0,  4848,   270,   410,     0,     0,     0,   273,     0,    16,
           37,  4872,     0,  1673,   177,    50,  2701,     0,     0,     0,
            0,     6,     0,    59], device='cuda:0')
tensor([   0, 1856,  987,  773,  190,  149,  262, 9722, 3515,    5,    2, 4045,
          63,  741,   82,    7,   22,  507,   11,   73,   38, 4794,    9, 1633,
         274,  144, 2681,   83,    1,    1,    0,    2,    0,   96],
       device='cuda:0')
This is cm tensor([[   0,    0,    0,  ...,    0,    0,    0],
        [   0, 1846,    0,  ...,    0,    0,    0],
        [   0,  146,  760,  ...,    0,    0,    0],
        ...,
        [   0,    0,    0,  ...,    0,    0,    0],
        [   0,    0,    0,  ...,    0,    0,    0],
        [   0,    0,    0,  ...,    0,    0,   45]], device='cuda:0')
 Here is mIOU!!!!!!!!!!!!!!!!!!!!!!!!!!!!!!! tensor(0.3328, device='cuda:0')
tensor([    0,  1718,   741,   769,   238,     0,    96, 13179,  1367,     0,
            0,  1496,   311,   108,     0,     0,     0,   694,     0,     0,
          154,  5967,    84,   132,    19,     0,   275,  2316,   805,  1030,
           59,  1209,     0,     1], device='cuda:0')
tensor([    0,  1856,   987,   773,   285,    13,     8, 13031,  1061,     0,
            7,  1066,   205,     7,    54,     7,    33,   848,     5,    92,
          153,  5947,     4,   104,     7,     0,   192,  6023,     0,     0,
            0,     0,     0,     0], device='cuda:0')
This is cm tensor([[   0,    0,    0,  ...,    0,    0,    0],
        [   0, 1550,    0,  ...,    0,    0,    0],
        [   0,  168,  741,  ...,    4,    0,    0],
        ...,
        [   0,    0,    0,  ...,    0,    0,    0],
        [   0,    0,    0,  ...,    0,    0,    0],
        [   0,    0,    0,  ...,    0,    0,    0]], device='cuda:0')
 Here is mIOU!!!!!!!!!!!!!!!!!!!!!!!!!!!!!!! tensor(0.3069, device='cuda:0')
tensor([    2,  1498,   659,   771,   114,     1,    26, 11423,  3628,     0,
            0,  6132,   363,   375,     0,     0,     0,   930,     0,     0,
           28,  5343,   253,   830,     7,     0,   173,   114,    13,     0,
            0,     2,    10,    73], device='cuda:0')
tensor([    0,  1856,   987,   773,   461,   116,    11, 10704,  3630,     8,
           25,  5729,   255,   203,    54,    19,    39,   980,    30,    58,
           65,  5377,   295,   790,     2,    21,   114,   147,     0,     0,
            2,     0,     9,     8], device='cuda:0')
This is cm tensor([[   0,    0,    0,  ...,    0,    0,    0],
        [   0, 1309,    0,  ...,    0,    0,    0],
        [   2,  189,  657,  ...,    0,    0,    0],
        ...,
        [   0,    0,    0,  ...,    0,    0,    0],
        [   0,    0,    0,  ...,    0,    7,    2],
        [   0,    0,    0,  ...,    0,    0,    2]], device='cuda:0')
 Here is mIOU!!!!!!!!!!!!!!!!!!!!!!!!!!!!!!! tensor(0.3075, device='cuda:0')
tensor([    2,  1919,   697,   773,   404,    18,   544, 13369,  1260,     0,
            0,  8131,   491,   865,     2,     0,     0,   573,     0,     2,
          235,  1616,     2,  1175,     4,     0,   246,   291,    90,    50,
            5,     4,     0,     0], device='cuda:0')
tensor([    0,  1856,   987,   780,   621,     0,     6, 12183,  3003,    16,
           37,  7239,   455,   555,    83,    38,    43,   733,    17,    77,
          236,  1570,   302,  1142,    24,     0,   240,   525,     0,     0,
            0,     0,     0,     0], device='cuda:0')
This is cm tensor([[   0,    0,    0,  ...,    0,    0,    0],
        [   0, 1785,    0,  ...,    0,    0,    0],
        [   2,  133,  697,  ...,    0,    0,    0],
        ...,
        [   0,    0,    0,  ...,    0,    0,    0],
        [   0,    0,    0,  ...,    0,    0,    0],
        [   0,    0,    0,  ...,    0,    0,    0]], device='cuda:0')
 Here is mIOU!!!!!!!!!!!!!!!!!!!!!!!!!!!!!!! tensor(0.3302, device='cuda:0')
tensor([   0, 1906,  637,  767,  995,  243,    7, 5832, 6613,    0,    0, 6554,
         986, 1167,    0,    0,    0,  778,    0,   16,   30, 4053,    8,    7,
        1494,  128,  496,    2,    1,    0,    0,    2,   45,    1],
       device='cuda:0')
tensor([   0, 1856,  987,  773,  669,    8,    7, 5648, 6363,   15,   19, 6611,
        1022, 3042,   49,    6,   30,  429,   16,   45,   40, 3407,   67,    9,
        1490,    1,    4,    0,   52,    0,    5,    0,   98,    0],
       device='cuda:0')
This is cm tensor([[   0,    0,    0,  ...,    0,    0,    0],
        [   0, 1648,    5,  ...,    0,    0,    0],
        [   0,  256,  631,  ...,    0,    0,    0],
        ...,
        [   0,    0,    0,  ...,    0,    0,    0],
        [   0,    0,    0,  ...,    0,    0,    0],
        [   0,    0,    0,  ...,    0,    0,    0]], device='cuda:0')
 Here is mIOU!!!!!!!!!!!!!!!!!!!!!!!!!!!!!!! tensor(0.2744, device='cuda:0')
tensor([    0,  1975,   773,   774,  1260,    20,    57, 10400,  2991,     0,
            0,  2113,    42,    40,     0,     0,     0,  1177,     0,    16,
          914,  9052,    47,    62,   238,     0,   814,     0,     0,     0,
            0,     1,     0,     2], device='cuda:0')
tensor([    0,  1856,   987,   773,  2069,     1,    15, 10956,  2139,     2,
           20,  1600,    86,    64,    31,     7,    63,   888,    70,    69,
          851,  8513,   303,    15,   302,     2,   786,     0,   300,     0,
            0,     0,     0,     0], device='cuda:0')
This is cm tensor([[   0,    0,    0,  ...,    0,    0,    0],
        [   0, 1826,    0,  ...,    0,    0,    0],
        [   0,  149,  773,  ...,    0,    0,    0],
        ...,
        [   0,    0,    0,  ...,    0,    0,    0],
        [   0,    0,    0,  ...,    0,    0,    0],
        [   0,    0,    0,  ...,    0,    0,    0]], device='cuda:0')
 Here is mIOU!!!!!!!!!!!!!!!!!!!!!!!!!!!!!!! tensor(0.3201, device='cuda:0')
tensor([   1, 1999,  731,  774,  413,   22,    6, 9925, 3282,    0,    0, 3134,
         314,  218,    0,    0,    0,  530,    0,  119,  186, 6608,   29, 1208,
         244,    0, 2952,    0,    0,    0,    0,    0,   49,   24],
       device='cuda:0')
tensor([    0,  1856,   987,   776,   276,     2,   124, 10003,  2634,     3,
            5,  2373,   421,   864,    42,    10,    30,   572,    11,   266,
          262,  6359,    25,  1191,   211,     5,  2940,     2,     0,     5,
            3,   407,    92,    11], device='cuda:0')
This is cm tensor([[   0,    0,    0,  ...,    0,    0,    0],
        [   0, 1809,    0,  ...,    0,    0,    0],
        [   1,  190,  724,  ...,    0,    0,    0],
        ...,
        [   0,    0,    0,  ...,    0,    0,    0],
        [   0,    0,    0,  ...,    0,    5,    0],
        [   0,    0,    0,  ...,    0,    0,    0]], device='cuda:0')
 Here is mIOU!!!!!!!!!!!!!!!!!!!!!!!!!!!!!!! tensor(0.3000, device='cuda:0')
tensor([    0,  1952,   736,   774,   157,     1,     1, 12238,  1526,    45,
            0,  9263,   106,   272,     0,     0,     0,   655,     0,     0,
           82,  3376,     4,   725,    83,     0,   772,     0,     0,     0,
            0,     0,     0,     0], device='cuda:0')
tensor([    0,  1856,   987,   777,   568,     1,   388, 12042,  1056,    13,
           12,  7974,    16,  1058,    82,     2,    53,   816,     6,    38,
           46,  3355,     8,   599,   120,     0,   840,    55,     0,     0,
            0,     0,     0,     0], device='cuda:0')
This is cm tensor([[   0,    0,    0,  ...,    0,    0,    0],
        [   0, 1812,    0,  ...,    0,    0,    0],
        [   0,  140,  736,  ...,    0,    0,    0],
        ...,
        [   0,    0,    0,  ...,    0,    0,    0],
        [   0,    0,    0,  ...,    0,    0,    0],
        [   0,    0,    0,  ...,    0,    0,    0]], device='cuda:0')
 Here is mIOU!!!!!!!!!!!!!!!!!!!!!!!!!!!!!!! tensor(0.3192, device='cuda:0')
tensor([    0,  1959,   756,   773,   188,     0,   585, 10207,   208,   178,
            0,  6992,   186,     3,     0,     0,     0,   787,     0,     0,
            1,  4206,   905,   991,     0,     3,   509,  2762,     6,   557,
            0,     6,     0,     0], device='cuda:0')
tensor([   0, 1856,  987,  774,  603,    6, 1662, 9831,  411,    3,    9, 6495,
          15,   40,   71,   18,   22, 1023,   29,  106,   40, 4072,   31,  714,
          45,    3,  702, 3173,    0,    1,    0,   26,    0,    0],
       device='cuda:0')
This is cm tensor([[   0,    0,    0,  ...,    0,    0,    0],
        [   0, 1802,    2,  ...,    0,    0,    0],
        [   0,  157,  754,  ...,    0,    0,    0],
        ...,
        [   0,    0,    0,  ...,    0,    0,    0],
        [   0,    0,    0,  ...,    0,    0,    0],
        [   0,    0,    0,  ...,    0,    0,    0]], device='cuda:0')
 Here is mIOU!!!!!!!!!!!!!!!!!!!!!!!!!!!!!!! tensor(0.2781, device='cuda:0')
tensor([   0, 2017,  752,  772,  309,  318,  166, 8840, 1225,  318,    0, 7880,
           9,  216,    0,    0,    0,  420,    0,   61,   46, 3090,    0,   50,
         984,  419, 3738,    2,   80,    2,    0,    5,  541,  508],
       device='cuda:0')
tensor([   0, 1856,  987,  773, 1000,  153,   12, 8540, 1881,    4,    5, 7291,
          19,   65,   98,   16,   44,  726,   24,  153,   28, 2632,   10,   31,
         958,   14, 3611,    6,  137,    5,    3,    2, 1405,  279],
       device='cuda:0')
This is cm tensor([[   0,    0,    0,  ...,    0,    0,    0],
        [   0, 1837,    0,  ...,    0,    0,    0],
        [   0,  180,  751,  ...,    0,    0,    0],
        ...,
        [   0,    0,    0,  ...,    0,    0,    2],
        [   0,    0,    0,  ...,    0,  515,  104],
        [   0,    0,    0,  ...,    0,    0,  219]], device='cuda:0')
 Here is mIOU!!!!!!!!!!!!!!!!!!!!!!!!!!!!!!! tensor(0.2984, device='cuda:0')
tensor([   0, 1982,  777,  774,  412,   31,  139, 8808, 2931,    0,    0, 7153,
         171, 1321,    0,    0,    0,  841,    0,   66,  138, 4639,   22,    5,
         154,    0, 2279,    7,    1,    0,    0,    0,    0,  117],
       device='cuda:0')
tensor([   0, 1856,  987,  773, 2558,    8,  129, 8767, 2761,   19,   14, 5796,
         134,  536,   81,   16,   61,  924,   21,  163,  113, 4334,    5,    2,
         139,   13, 2323,    1,  142,    3,    0,    0,    0,   89],
       device='cuda:0')
This is cm tensor([[   0,    0,    0,  ...,    0,    0,    0],
        [   0, 1837,    0,  ...,    0,    0,    0],
        [   0,  145,  777,  ...,    0,    0,    0],
        ...,
        [   0,    0,    0,  ...,    0,    0,    0],
        [   0,    0,    0,  ...,    0,    0,    0],
        [   0,    0,    0,  ...,    0,    0,   19]], device='cuda:0')
 Here is mIOU!!!!!!!!!!!!!!!!!!!!!!!!!!!!!!! tensor(0.2995, device='cuda:0')
predict, target {0: {'bbox': tensor([[[ 406.,  949.,  445.,  966.],
         [ 374., 1157.,  473., 1202.],
         [ 379., 1197.,  466., 1226.],
         [ 378., 1221.,  472., 1256.],
         [ 410., 1006.,  435., 1028.],
         [ 368., 1022.,  504., 1168.],
         [ 306., 1251.,  576., 1767.]]], device='cuda:0'), 'cls': tensor([[25., 25., 25., 25., 27., 27., 27.]], device='cuda:0')}, 1: {'bbox': tensor([[[ 393., 1001.,  428., 1065.],
         [ 381., 1026.,  430., 1048.],
         [ 357., 1186.,  488., 1248.],
         [ 386., 1053.,  435., 1105.],
         [ 389., 1084.,  440., 1127.],
         [ 391., 1099.,  445., 1132.],
         [ 377., 1117.,  451., 1202.],
         [ 386., 1236.,  473., 1290.],
         [ 385., 1244.,  498., 1418.],
         [ 405., 1524.,  440., 1556.],
         [ 351., 1518.,  666., 1923.],
         [ 214., 1845.,  782., 2043.],
         [ 395.,  916.,  420.,  953.],
         [ 389.,  944.,  435., 1000.],
         [ 384.,  847.,  457.,  915.],
         [ 390.,  859.,  481.,  909.],
         [ 388.,  825.,  490.,  886.],
         [ 383.,  729.,  510.,  860.],
         [ 383.,  606.,  558.,  772.],
         [ 365.,  253.,  631.,  648.],
         [ 416., 1032.,  436., 1041.],
         [ 436., 1205.,  504., 1231.]]], device='cuda:0'), 'cls': tensor([[27., 26., 26., 27., 27., 27., 27., 27., 27., 27., 27., 27., 27., 27.,
         27., 27., 27., 27., 27., 27., 34., 34.]], device='cuda:0')}, 2: {'bbox': tensor([[[ 327.,  714.,  572.,  819.],
         [ 364.,  902.,  517., 1001.],
         [ 302., 1442.,  598., 1571.],
         [ 398.,  526.,  502.,  845.],
         [ 361.,  117.,  547.,  569.],
         [ 392.,  948.,  506., 1258.],
         [ 388., 1374.,  499., 1729.],
         [ 330., 1669.,  898., 2043.],
         [ 470., 1473.,  630., 1526.]]], device='cuda:0'), 'cls': tensor([[25., 25., 26., 27., 27., 27., 27., 27., 34.]], device='cuda:0')}, 3: {'bbox': tensor([[[ 394.,  923.,  419., 1006.],
         [ 386., 1057.,  439., 1075.],
         [ 381., 1193.,  427., 1204.],
         [ 391., 1206.,  437., 1212.],
         [ 382., 1233.,  437., 1249.],
         [ 379., 1221.,  438., 1238.],
         [ 371., 1273.,  462., 1316.],
         [ 363.,  999.,  452., 1023.],
         [ 378.,  810.,  455.,  842.],
         [ 374.,  665.,  485.,  728.],
         [ 381.,  553.,  456.,  586.],
         [ 382.,  504.,  453.,  531.],
         [ 380.,  519.,  458.,  557.],
         [ 411.,  970.,  453.,  989.],
         [ 399.,  944.,  413.,  966.],
         [ 382., 1037.,  413., 1059.],
         [ 399., 1023.,  417., 1049.],
         [ 369., 1051.,  428., 1104.],
         [ 387., 1082.,  440., 1134.],
         [ 390., 1092.,  447., 1146.],
         [ 389., 1120.,  455., 1200.],
         [ 383., 1325.,  534., 1427.],
         [ 369., 1368.,  572., 1643.],
         [ 264., 1584.,  773., 2043.],
         [ 389.,  876.,  443.,  930.],
         [ 397.,  811.,  431.,  854.],
         [ 392.,  840.,  448.,  916.],
         [ 372.,  768.,  437.,  813.],
         [ 397.,  765.,  440.,  779.],
         [ 368.,  703.,  443.,  770.],
         [ 371.,  156.,  537.,  432.],
         [ 373.,    6.,  579.,   72.],
         [ 429.,  958.,  454.,  999.]]], device='cuda:0'), 'cls': tensor([[27., 25., 25., 25., 25., 25., 25., 25., 25., 25., 25., 25., 25., 26.,
         27., 27., 27., 27., 27., 27., 27., 27., 27., 27., 27., 27., 27., 27.,
         27., 27., 27., 27., 34.]], device='cuda:0')}, 4: {'bbox': tensor([[[ 405.,  847.,  428.,  934.],
         [ 406.,  932.,  438.,  950.],
         [ 391., 1105.,  408., 1116.],
         [ 393., 1112.,  449., 1126.],
         [ 398.,  594.,  440.,  613.],
         [ 385.,  512.,  454.,  535.],
         [ 367.,  421.,  502.,  477.],
         [ 401.,  928.,  440.,  987.],
         [ 392.,  993.,  440., 1036.],
         [ 402., 1000.,  444., 1025.],
         [ 399., 1009.,  447., 1058.],
         [ 401., 1022.,  449., 1058.],
         [ 400., 1033.,  457., 1122.],
         [ 208., 1186.,  582., 1610.],
         [ 394.,  760.,  408.,  787.],
         [ 397.,  743.,  414.,  778.],
         [ 400.,  745.,  440.,  770.],
         [ 390.,  682.,  449.,  752.],
         [ 402.,  673.,  457.,  725.],
         [ 399.,  601.,  463.,  687.],
         [ 395.,  357.,  491.,  444.],
         [ 392.,  247.,  509.,  387.],
         [ 382.,    6.,  579.,  125.],
         [ 399.,  765.,  460.,  850.],
         [ 374.,  965.,  433., 1017.],
         [ 428.,  422.,  516.,  482.]]], device='cuda:0'), 'cls': tensor([[27., 25., 25., 25., 25., 25., 26., 27., 27., 27., 27., 27., 27., 27.,
         27., 27., 27., 27., 27., 27., 27., 27., 27., 27., 28., 34.]],
       device='cuda:0')}, 5: {'bbox': tensor([[[ 415.,  838.,  446.,  875.],
         [ 408., 1723.,  510., 1764.],
         [ 349., 1676.,  513., 1729.],
         [ 363., 1817.,  499., 1893.],
         [ 397.,  276.,  511.,  319.],
         [ 392.,  229.,  505.,  274.],
         [ 421.,  777.,  435.,  788.],
         [ 421.,  784.,  439.,  794.],
         [ 419.,  791.,  439.,  800.],
         [ 412.,  797.,  445.,  833.],
         [ 414.,  867.,  454.,  892.],
         [ 402.,  888.,  457.,  943.],
         [ 406.,  921.,  466.,  967.],
         [ 408.,  930.,  469.,  965.],
         [ 400.,  950.,  475., 1006.],
         [ 399.,  984.,  481., 1025.],
         [ 262.,  990.,  542., 1657.],
         [ 411.,  729.,  445.,  770.],
         [ 411.,  703.,  475.,  738.],
         [ 392.,  620.,  482.,  713.],
         [ 412.,  468.,  487.,  537.],
         [ 402.,  512.,  497.,  645.]]], device='cuda:0'), 'cls': tensor([[27., 25., 25., 25., 25., 25., 27., 27., 27., 27., 27., 27., 27., 27.,
         27., 27., 27., 27., 27., 27., 27., 27.]], device='cuda:0')}, 6: {'bbox': tensor([[[ 352., 1086.,  413., 1256.],
         [ 395.,  831.,  407.,  850.],
         [ 385.,  686.,  432.,  774.],
         [ 391.,  773.,  433.,  848.],
         [ 392.,  867.,  433.,  913.],
         [ 387.,  895.,  474.,  943.],
         [ 379.,  915.,  496., 1058.],
         [ 360., 1323.,  435., 1455.],
         [ 352., 1434.,  533., 1636.],
         [ 397.,  658.,  447.,  675.],
         [ 387.,  587.,  462.,  664.],
         [ 396.,  495.,  480.,  601.],
         [ 397.,  365.,  506.,  521.],
         [ 375.,  140.,  551.,  372.],
         [ 388.,    6.,  605.,  205.],
         [ 358.,  548.,  404.,  590.],
         [ 354., 1587.,  560., 1747.],
         [ 393., 1225.,  461., 1325.]]], device='cuda:0'), 'cls': tensor([[27., 27., 27., 27., 27., 27., 27., 27., 27., 27., 27., 27., 27., 27.,
         27., 28., 33., 34.]], device='cuda:0')}, 7: {'bbox': tensor([[[ 375.,  931.,  411., 1354.],
         [ 367.,  388.,  427.,  429.],
         [ 374., 1338.,  410., 1394.],
         [ 377., 1348.,  411., 1397.],
         [ 387., 1366.,  414., 1405.],
         [ 342., 1397.,  415., 1494.],
         [ 363., 1436.,  454., 1606.],
         [ 361., 1715.,  374., 1779.],
         [ 365., 1677.,  375., 1716.],
         [ 357., 1871.,  426., 2043.],
         [ 383., 2026.,  456., 2043.],
         [ 366.,  564.,  379.,  592.],
         [ 391.,  670.,  452.,  707.],
         [ 390.,  638.,  462.,  691.],
         [ 377.,  565.,  477.,  654.],
         [ 378.,  462.,  494.,  626.],
         [ 384.,  154.,  539.,  433.],
         [ 354., 1259.,  442., 1337.],
         [ 336.,  913.,  682., 1333.],
         [ 315.,  715.,  438.,  880.],
         [ 386., 1593.,  519., 1787.]]], device='cuda:0'), 'cls': tensor([[27., 25., 27., 27., 27., 27., 27., 27., 27., 27., 27., 27., 27., 27.,
         27., 27., 27., 27., 27., 28., 34.]], device='cuda:0')}, 8: {'bbox': tensor([[[ 372., 1353.,  412., 1397.],
         [ 365.,  922.,  431.,  993.],
         [ 371., 1376.,  412., 1442.],
         [ 375., 1384.,  412., 1443.],
         [ 384., 1410.,  414., 1453.],
         [ 332., 1441.,  416., 1553.],
         [ 366., 1488.,  417., 1544.],
         [ 365., 1527.,  416., 1618.],
         [ 367., 1580.,  420., 1642.],
         [ 354., 1988.,  369., 2043.],
         [ 318.,  917.,  735., 1425.],
         [ 391.,  682.,  449.,  714.],
         [ 391.,  668.,  457.,  704.],
         [ 390.,  628.,  467.,  689.],
         [ 373.,  560.,  486.,  642.],
         [ 375.,  412.,  505.,  602.],
         [ 378.,    6.,  568.,  351.],
         [ 322.,  733.,  431.,  985.],
         [ 382., 1748.,  547., 1985.]]], device='cuda:0'), 'cls': tensor([[27., 27., 27., 27., 27., 27., 27., 27., 27., 27., 27., 27., 27., 27.,
         27., 27., 27., 32., 34.]], device='cuda:0')}, 9: {'bbox': tensor([[[ 347., 1919.,  399., 1937.],
         [ 365.,  732.,  395.,  746.],
         [ 361.,  744.,  400.,  763.],
         [ 362.,  629.,  430.,  669.],
         [ 362., 1978.,  416., 2043.],
         [ 343.,  772.,  517., 1011.],
         [ 289., 1071.,  428., 1782.]]], device='cuda:0'), 'cls': tensor([[25., 25., 25., 25., 27., 27., 29.]], device='cuda:0')}, 10: {'bbox': tensor([[[ 400., 1094.,  422., 1137.],
         [ 405., 1069.,  427., 1113.],
         [ 397., 1059.,  425., 1079.],
         [ 386.,  973.,  432., 1064.],
         [ 403., 1011.,  436., 1053.],
         [ 399.,  974.,  441., 1019.],
         [ 399.,  907.,  442.,  996.],
         [ 394.,  780.,  458.,  921.],
         [ 388.,  680.,  474.,  802.],
         [ 384.,  444.,  485.,  692.],
         [ 403., 1145.,  440., 1190.]]], device='cuda:0'), 'cls': tensor([[27., 27., 27., 27., 27., 27., 27., 27., 27., 27., 27.]],
       device='cuda:0')}, 11: {'bbox': tensor([[[ 397., 1824.,  438., 1847.],
         [ 398., 1980.,  465., 2011.],
         [ 358., 1483.,  385., 1496.],
         [ 374.,  997.,  398., 1006.],
         [ 371.,  963.,  401., 1000.],
         [ 368.,  900.,  411.,  929.],
         [ 356.,  825.,  424.,  908.],
         [ 356.,  760.,  420.,  864.],
         [ 342.,  619.,  367.,  755.],
         [ 356.,  504.,  449.,  786.],
         [ 375., 1024.,  476., 1152.],
         [ 293.,  120.,  512.,  492.],
         [ 301.,    6.,  531.,  283.],
         [ 459.,    6.,  581.,   28.],
         [ 263., 1484.,  416., 1725.]]], device='cuda:0'), 'cls': tensor([[25., 25., 25., 27., 27., 27., 27., 27., 27., 27., 27., 27., 27., 27.,
         32.]], device='cuda:0')}, 12: {'bbox': tensor([[[ 382.,  387.,  455.,  427.],
         [ 373.,  299.,  458.,  338.],
         [ 377.,  269.,  459.,  302.],
         [ 384.,  153.,  436.,  200.],
         [ 385.,  158.,  502.,  214.],
         [ 347., 1667.,  359., 1725.],
         [ 367., 1145.,  467., 1283.],
         [ 376.,  967.,  439.,  998.],
         [ 372.,  891.,  477.,  991.],
         [ 349.,  707.,  534.,  939.],
         [ 417.,    6.,  469.,   64.],
         [ 282.,  555.,  445.,  865.],
         [ 293., 1142.,  404., 1521.],
         [ 419.,  157.,  512.,  244.]]], device='cuda:0'), 'cls': tensor([[25., 25., 25., 26., 26., 27., 27., 27., 27., 27., 27., 28., 29., 33.]],
       device='cuda:0')}, 13: {'bbox': tensor([[[ 404.,  671.,  422.,  692.],
         [ 399.,  685.,  422.,  735.],
         [ 366.,  753.,  441.,  812.],
         [ 402.,  780.,  447.,  812.],
         [ 393.,  928.,  437.,  964.],
         [ 393.,  845.,  470.,  947.],
         [ 402.,  688.,  460.,  766.],
         [ 387.,  460.,  556.,  700.],
         [ 358.,  799.,  459.,  910.],
         [ 283., 1000.,  417., 1258.]]], device='cuda:0'), 'cls': tensor([[27., 27., 27., 27., 27., 27., 27., 27., 28., 32.]], device='cuda:0')}, 14: {'bbox': tensor([[[ 400.,  979.,  422., 1041.],
         [ 397., 1110.,  419., 1122.],
         [ 412., 1025.,  427., 1032.],
         [ 409., 1000.,  430., 1029.],
         [ 410.,  974.,  436., 1008.],
         [ 409.,  930.,  450.,  987.],
         [ 400., 1051.,  450., 1118.],
         [ 205.,  595.,  519.,  931.]]], device='cuda:0'), 'cls': tensor([[27., 25., 27., 27., 27., 27., 27., 29.]], device='cuda:0')}, 15: {'bbox': tensor([[[ 380., 1118.,  425., 1330.],
         [ 379.,  972.,  396.,  983.],
         [ 378.,  958.,  397.,  966.],
         [ 376.,  943.,  397.,  955.],
         [ 339., 1067.,  477., 1134.],
         [ 392., 1357.,  424., 1370.],
         [ 385., 1858.,  465., 1891.],
         [ 402., 1954.,  420., 1974.],
         [ 382., 1986.,  496., 2041.],
         [ 368., 1385.,  451., 1415.],
         [ 347.,  677.,  445.,  919.],
         [ 345.,    6.,  436.,  196.],
         [ 384., 1248.,  425., 1287.],
         [ 393., 1728.,  470., 1860.],
         [ 389., 1612.,  471., 1839.],
         [ 384., 1412.,  473., 1694.],
         [ 373.,   49.,  476.,  133.],
         [ 389.,  179.,  478.,  223.],
         [ 425., 1973.,  498., 2043.]]], device='cuda:0'), 'cls': tensor([[27., 25., 25., 25., 25., 25., 25., 25., 25., 25., 27., 27., 27., 27.,
         27., 27., 34., 34., 34.]], device='cuda:0')}, 16: {'bbox': tensor([[[ 420., 1115.,  445., 1137.],
         [ 410.,  923.,  424.,  931.],
         [ 351.,  319.,  475.,  373.],
         [ 416., 1583.,  465., 1608.],
         [ 424., 1625.,  447., 1641.],
         [ 322., 1658.,  606., 1808.],
         [ 423., 1162.,  435., 1181.],
         [ 418., 1103.,  446., 1121.],
         [ 416., 1069.,  449., 1115.],
         [ 389.,  222.,  452.,  417.],
         [ 420.,    6.,  485.,   26.],
         [ 410., 1265.,  459., 1306.],
         [ 424., 1306.,  455., 1327.],
         [ 424., 1312.,  458., 1351.],
         [ 421., 1440.,  466., 1496.],
         [ 410., 1135.,  477., 1292.],
         [ 435., 1581.,  632., 1909.]]], device='cuda:0'), 'cls': tensor([[27., 25., 25., 25., 25., 26., 27., 27., 27., 27., 27., 27., 27., 27.,
         27., 27., 34.]], device='cuda:0')}, 17: {'bbox': tensor([[[ 378., 1398.,  416., 1566.],
         [ 368., 1917.,  438., 1956.],
         [ 373., 1135.,  433., 1146.],
         [ 363., 1399.,  464., 1462.],
         [ 367., 1422.,  465., 1481.],
         [ 378., 1563.,  403., 1603.],
         [ 381., 1577.,  407., 1614.],
         [ 377., 1611.,  410., 1623.],
         [ 376., 1695.,  424., 1733.],
         [ 361., 1618.,  431., 1696.],
         [ 376., 1706.,  430., 1777.],
         [ 365., 1968.,  440., 2043.],
         [ 379., 1379.,  420., 1406.],
         [ 379., 1332.,  425., 1396.]]], device='cuda:0'), 'cls': tensor([[27., 25., 25., 25., 25., 27., 27., 27., 27., 27., 27., 27., 27., 27.]],
       device='cuda:0')}, 18: {'bbox': tensor([[[ 417., 1016.,  430., 1027.],
         [ 412.,  998.,  430., 1006.],
         [ 405.,  922.,  412.,  930.],
         [ 406.,  874.,  434.,  885.],
         [ 404.,  860.,  434.,  874.],
         [ 406.,  549.,  416.,  564.],
         [ 339., 1332.,  594., 1445.],
         [ 403.,  508.,  439.,  532.],
         [ 406.,  959.,  432., 1000.],
         [ 411.,  910.,  434.,  950.],
         [ 410.,  800.,  442.,  857.],
         [ 409.,  623.,  457.,  704.],
         [ 418.,  392.,  477.,  506.],
         [ 432.,   24.,  505.,  201.],
         [ 401., 1082.,  436., 1138.],
         [ 414.,  508.,  470.,  626.],
         [ 388., 1711.,  462., 1816.],
         [ 423.,  506.,  450.,  528.]]], device='cuda:0'), 'cls': tensor([[25., 25., 25., 25., 25., 25., 25., 26., 27., 27., 27., 27., 27., 27.,
         27., 27., 33., 34.]], device='cuda:0')}, 19: {'bbox': tensor([[[437., 704., 448., 716.],
         [428., 690., 448., 701.],
         [410., 586., 452., 604.],
         [417., 571., 453., 589.],
         [393., 224., 456., 254.],
         [392., 202., 455., 226.],
         [391., 121., 456., 159.],
         [388.,  74., 456., 114.],
         [379.,   6., 458.,  44.],
         [415., 118., 465., 165.],
         [419.,  70., 469., 119.],
         [414.,   6., 468.,  50.]]], device='cuda:0'), 'cls': tensor([[25., 25., 25., 25., 25., 25., 26., 26., 26., 34., 34., 34.]],
       device='cuda:0')}, 20: {'bbox': tensor([[[ 404.,  681.,  427.,  719.],
         [ 405., 1160.,  422., 1189.],
         [ 376., 1184.,  422., 1196.],
         [ 377., 1164.,  422., 1182.],
         [ 357., 1263.,  438., 1291.],
         [ 353., 1298.,  436., 1325.],
         [ 361., 1227.,  440., 1251.],
         [ 267., 1862.,  503., 1950.],
         [ 349., 1192.,  450., 1231.],
         [ 343., 1323.,  447., 1363.],
         [ 311., 1362.,  474., 1436.],
         [ 332.,    6.,  721.,  564.],
         [ 396., 1004.,  404., 1049.],
         [ 370.,  810.,  406.,  999.],
         [ 382.,  731.,  425.,  770.],
         [ 397., 1199.,  455., 1224.],
         [ 397., 1332.,  458., 1356.],
         [ 370., 1367.,  505., 1439.]]], device='cuda:0'), 'cls': tensor([[27., 34., 25., 25., 25., 25., 25., 25., 26., 26., 26., 27., 27., 28.,
         28., 34., 34., 34.]], device='cuda:0')}, 21: {'bbox': tensor([[[ 358., 1197.,  436., 1316.],
         [ 363., 1414.,  413., 1496.],
         [ 364., 1503.,  406., 1570.],
         [  61.,    6.,  573.,  883.]]], device='cuda:0'), 'cls': tensor([[27., 27., 27., 28.]], device='cuda:0')}, 22: {'bbox': tensor([[[ 371.,  841.,  426., 1003.],
         [ 360., 1093.,  425., 1129.],
         [ 362., 1124.,  420., 1191.],
         [ 301.,  999.,  421., 1088.],
         [ 397., 1101.,  441., 1127.],
         [ 395.,  692.,  450.,  792.]]], device='cuda:0'), 'cls': tensor([[27., 26., 27., 28., 33., 34.]], device='cuda:0')}, 23: {'bbox': tensor([[[ 356.,  893.,  441.,  979.],
         [ 365., 1173.,  409., 1191.],
         [ 356., 1209.,  409., 1231.],
         [ 369., 1147.,  411., 1180.],
         [ 373.,  848.,  443.,  917.],
         [ 374.,  844.,  455.,  898.],
         [ 372.,  754.,  464.,  873.],
         [ 229.,  991.,  456., 1155.]]], device='cuda:0'), 'cls': tensor([[27., 25., 25., 27., 27., 27., 27., 28.]], device='cuda:0')}, 24: {'bbox': tensor([[[ 321.,  821.,  559.,  888.],
         [ 273.,  853.,  578.,  978.],
         [ 267.,  979.,  642., 1127.],
         [ 312.,  726.,  594.,  831.],
         [ 330.,  582.,  601.,  707.],
         [ 347.,  234.,  426.,  288.],
         [ 372.,  665.,  526.,  734.]]], device='cuda:0'), 'cls': tensor([[25., 25., 25., 25., 25., 29., 33.]], device='cuda:0')}, 25: {'bbox': tensor([[[ 394.,    6.,  578., 1616.],
         [ 435.,  106.,  447.,  120.],
         [ 373.,    6.,  580.,   70.],
         [ 403., 1368.,  453., 1399.],
         [ 378., 1834.,  448., 1871.],
         [ 447.,   62.,  527.,  127.],
         [ 436.,  271.,  506.,  347.],
         [ 428.,  324.,  540.,  596.],
         [ 402.,  813.,  525., 1138.],
         [ 267., 1908.,  471., 2043.]]], device='cuda:0'), 'cls': tensor([[25., 25., 25., 25., 25., 27., 27., 27., 27., 29.]], device='cuda:0')}, 26: {'bbox': tensor([[[ 354., 1050.,  423., 1257.],
         [ 338., 1350.,  457., 1391.],
         [ 347., 1386.,  457., 1424.],
         [ 347., 1287.,  457., 1340.],
         [ 357., 1222.,  459., 1257.],
         [ 352., 1072.,  462., 1099.],
         [ 383., 1009.,  401., 1025.],
         [ 411.,  266.,  435.,  308.],
         [ 400.,  127.,  543.,  294.],
         [ 382.,  266.,  557.,  470.],
         [ 342.,    6.,  620.,  218.],
         [ 342., 1826.,  429., 2009.],
         [ 379.,  821.,  488.,  942.],
         [ 379.,  745.,  539.,  871.],
         [ 347.,  422.,  616.,  801.],
         [ 356.,   85.,  421.,  332.],
         [ 259., 1560.,  347., 2043.],
         [ 308., 1578.,  538., 1710.],
         [ 394., 1009.,  421., 1022.],
         [ 385., 1110.,  431., 1146.]]], device='cuda:0'), 'cls': tensor([[25., 25., 25., 25., 25., 25., 26., 27., 27., 27., 27., 27., 27., 27.,
         27., 32., 32., 33., 33., 34.]], device='cuda:0')}, 27: {'bbox': tensor([[[ 397., 1275.,  433., 1299.],
         [ 375., 1400.,  440., 1425.],
         [ 377., 1479.,  430., 1498.],
         [ 359., 1494.,  459., 1542.],
         [ 354., 1549.,  470., 1597.],
         [ 368.,   38.,  432.,  273.],
         [ 404.,  946.,  415., 1002.],
         [ 381., 1291.,  465., 1375.],
         [ 388., 1298.,  472., 1402.],
         [ 385., 1889.,  703., 2043.],
         [ 391., 1212.,  447., 1283.],
         [ 345., 1318.,  426., 1411.]]], device='cuda:0'), 'cls': tensor([[27., 25., 25., 25., 25., 27., 27., 27., 27., 27., 27., 28.]],
       device='cuda:0')}, 28: {'bbox': tensor([[[ 384.,  667.,  428.,  841.],
         [ 378., 1357.,  469., 1454.],
         [ 340., 1445.,  486., 1547.],
         [ 359., 1473.,  509., 1551.],
         [ 411., 1536.,  514., 1565.],
         [ 393.,  256.,  486.,  433.],
         [ 399.,  547.,  436.,  655.],
         [ 387.,  872.,  420.,  912.],
         [ 395.,  923.,  411.,  942.],
         [ 394.,  838.,  413.,  868.],
         [ 391., 1126.,  404., 1157.],
         [ 390., 1174.,  422., 1209.],
         [ 384., 1203.,  428., 1251.],
         [ 378., 1276.,  452., 1358.],
         [  80., 1535.,  577., 2027.],
         [ 363., 1003.,  419., 1044.]]], device='cuda:0'), 'cls': tensor([[25., 27., 27., 27., 27., 27., 27., 27., 27., 27., 27., 27., 27., 27.,
         28., 32.]], device='cuda:0')}, 29: {'bbox': tensor([[[ 335.,  814.,  520., 1922.],
         [ 364.,  336.,  432.,  374.],
         [ 357.,  983.,  382., 1006.],
         [ 360., 1001.,  461., 1028.],
         [ 324., 1178.,  500., 1218.],
         [ 376., 1282.,  464., 1317.],
         [ 300., 1333.,  570., 1414.],
         [ 314., 1419.,  524., 1561.],
         [ 323., 1778.,  585., 1862.],
         [ 319., 1893.,  481., 2008.],
         [ 391.,  419.,  433.,  485.],
         [ 400.,  524.,  442.,  602.],
         [ 396.,  759.,  451.,  780.],
         [ 371.,  607.,  489.,  773.],
         [ 365.,  862.,  483., 1018.],
         [ 267.,    6.,  881.,  464.],
         [ 351.,  477.,  434.,  630.],
         [ 312., 1584.,  686., 2023.],
         [ 261., 1861.,  781., 2043.],
         [ 404., 1412.,  622., 1571.],
         [ 412., 1846.,  494., 1933.]]], device='cuda:0'), 'cls': tensor([[25., 25., 25., 25., 25., 25., 25., 25., 25., 25., 27., 27., 27., 27.,
         27., 27., 29., 33., 33., 34., 34.]], device='cuda:0')}, 30: {'bbox': tensor([[[ 370., 1108.,  389., 1134.],
         [ 405.,  957.,  487., 1055.],
         [ 365., 1577.,  489., 1627.],
         [ 352., 1611.,  531., 1670.],
         [ 382.,  778.,  451.,  797.],
         [ 392.,  328.,  408.,  340.],
         [ 389.,  205.,  428.,  236.],
         [ 380.,  277.,  429.,  332.],
         [ 390.,  218.,  433.,  277.],
         [ 390.,  584.,  451.,  659.],
         [ 348.,  298.,  617.,  627.],
         [ 366.,    6.,  919.,  181.],
         [ 348.,  562.,  437.,  734.],
         [ 411.,  768.,  451.,  819.]]], device='cuda:0'), 'cls': tensor([[25., 34., 25., 25., 26., 27., 27., 27., 27., 27., 27., 27., 29., 34.]],
       device='cuda:0')}}
